t
0.055662
3
0.0 0.0 -0.507731413923 0.0663938563893 0.00352761904801 5.41877106888e-05 2.68882942949e-07
0.0 0.0 -0.114521411527 0.025739477372 0.00127637767744 1.93781860151e-05 9.61558187002e-08
0.0 0.0 0.101277798157 -0.022373789058 -0.00111139695532 -1.687856327e-05 -8.37525281493e-08
0.055464
3
-0.00156160501215 -0.0559032435962 -0.500180210817 0.00330796133978 0.0163673992731 0.00154470005588 4.08225020429e-05
-0.00035036704213 -0.0125088805696 -0.11100534263 0.0118499278988 0.00627603258001 0.000552403573427 1.45986244507e-05
0.000309916772894 0.0110659431507 0.0982338691734 -0.0100781875512 -0.00545683653196 -0.00048114816616 -1.27155248822e-05
0.055660
3
-0.00620021275227 -0.111345715942 -0.500084251459 0.000296910510207 0.0179693119341 0.0018404041037 5.23961036574e-05
-0.00138356511889 -0.0247088669368 -0.10908529132 0.0118005425317 0.00692545091978 0.000658150946242 1.87374854969e-05
0.00122410481925 0.0218661226139 0.0966044817898 -0.010011748385 -0.00602073997837 -0.000573255018747 -1.63205077211e-05
0.055659
3
-0.0139467334598 -0.166999637059 -0.500139070159 0.0017868291343 0.0189496039526 0.00197585168231 5.74640481343e-05
-0.00309470118 -0.0367377114796 -0.107082120526 0.012813516259 0.00730772021998 0.000706588651769 2.05498442317e-05
0.00273866583024 0.0325228620326 0.094905821044 -0.0108831096974 -0.0063529769085 -0.000615444668323 -1.78990874473e-05
0.055659
3
-0.0247905628196 -0.222643874094 -0.500180921689 0.0030651713732 0.0200731225428 0.00214196885003 6.39275296045e-05
-0.00546891487839 -0.0485336196651 -0.104957210099 0.0138335267436 0.00774861838693 0.000765994176297 2.28612640102e-05
0.00484090866389 0.0429819437556 0.0931037939083 -0.0117587146021 -0.0067361111485 -0.000667187380647 -1.99123535468e-05
0.055659
3
-0.0387315130133 -0.278280631324 -0.500259255757 0.00430234750397 0.0213305157832 0.00233622620727 7.17430434923e-05
-0.00849294018119 -0.0600833102751 -0.10271075064 0.0149071339113 0.00824385417627 0.000835462975688 2.56561870656e-05
0.00751957941903 0.0532321205048 0.091198965231 -0.0126794450611 -0.00716642657667 -0.000727695290154 -2.23467550738e-05
0.055654
3
-0.0557692791475 -0.33391406156 -0.500332262409 0.00577789584064 0.0226860110038 0.00254857412135 8.05019800709e-05
-0.0121526844562 -0.0713726721708 -0.100321675714 0.0161005694922 0.00877774879235 0.000911401178774 2.87884895776e-05
0.0107627221109 0.0632614569431 0.0891731253809 -0.0137037585946 -0.00763033262997 -0.00079383810478 -2.50750169498e-05
0.055655
3
-0.0759015043792 -0.389535780885 -0.500403916669 0.00743550332715 0.0241664047842 0.00278579657135 9.05627333016e-05
-0.0164327478062 -0.0823836098839 -0.0977780556231 0.0174091604683 0.00936146336814 0.000996234819183 3.23863375966e-05
0.0145572551903 0.0730545359729 0.0870161878885 -0.0148272323683 -0.00813751476395 -0.000867728920255 -2.82087728843e-05
0.055656
3
-0.0991295090476 -0.445149659002 -0.500478659284 0.00927732052108 0.0257919482638 0.00305295668325 0.000102228667475
-0.021317563859 -0.093098972501 -0.0950658530702 0.0188424875736 0.0100032904373 0.00109177453249 3.65582178917e-05
0.018889985884 0.0825968415841 0.0847162823977 -0.0160580103819 -0.00869517189506 -0.000950944815418 -3.18425157671e-05
0.055656
3
-0.125452947309 -0.50075431585 -0.50055785294 0.0113277328101 0.0275819007955 0.0033548877872 0.000115815015804
-0.0267901606299 -0.103498804957 -0.0921686774398 0.0204160647496 0.0107110417963 0.0011997487765 4.14168617029e-05
0.0237465155802 0.091871436457 0.0822595173498 -0.0174094505236 -0.00931008708776 -0.00104499129157 -3.60744354582e-05
0.055657
3
-0.154871421733 -0.556348301175 -0.500642430676 0.0136163565683 0.0295584610953 0.00369728724144 0.000131706078294
-0.0328324062436 -0.113561178939 -0.0890678318399 0.0221480720703 0.0114937278857 0.00132219499597 4.70996993979e-05
0.0291114614169 0.100859708972 0.0796300414781 -0.0188972147695 -0.00999008407284 -0.00115164298028 -4.10242349653e-05
0.055658
3
-0.187384483204 -0.611929999087 -0.500817049077 0.016058916984 0.031780503817 0.00409715424111 0.000150938757522
-0.0394248923578 -0.123261910237 -0.0857589024782 0.0240398042718 0.0123761818226 0.00146519231035 5.39775399805e-05
0.0349683573997 0.109541132688 0.0768248011958 -0.0205217142071 -0.01075670655 -0.00127619484578 -4.70148920549e-05
0.055650
3
-0.222991629018 -0.667507568692 -0.501032695873 0.018814932225 0.0342524139907 0.00455489955204 0.00017371206134
-0.0465468012505 -0.132576225977 -0.0822064395842 0.0261387327665 0.0133594677085 0.00162888761451 6.21215510849e-05
0.0412995416488 0.117894761552 0.0738133280722 -0.0223245151227 -0.0116108928523 -0.00141877483475 -5.41083943358e-05
0.055651
3
-0.261686661748 -0.723074078092 -0.501219472409 0.0220153764537 0.0369850650266 0.00507243626727 0.000200305787677
-0.0541746508336 -0.141473698159 -0.0783687049358 0.0284863134249 0.0144473129849 0.00181396505384 7.16317918616e-05
0.0480850459134 0.125894729739 0.0705596494617 -0.0243418486366 -0.0125558932838 -0.00157997884358 -6.2391894171e-05
0.055652
3
-0.303474534334 -0.77863043628 -0.501432439801 0.0256274488489 0.0400463286574 0.00566994617321 0.000232115145566
-0.0622854524335 -0.149921562964 -0.0742239667061 0.0311015337293 0.0156681248134 0.00202764188122 8.30072060719e-05
0.0553054113745 0.133513254089 0.0670457811618 -0.0265895526686 -0.0136163564373 -0.00176609316035 -7.229997578e-05
0.055653
3
-0.348354906099 -0.834175667185 -0.501676320992 0.0297171672305 0.0434897166462 0.00636324616156 0.000270401157091
-0.0708532246215 -0.15788308091 -0.0697354093629 0.0340248733152 0.0170438502302 0.00227557440998 9.66987505878e-05
0.0629385975701 0.140719163884 0.0632405344103 -0.0291025006781 -0.0148113342869 -0.00198204448159 -8.42254263973e-05
0.055654
3
-0.396327435326 -0.889708694179 -0.501957557502 0.0343629594639 0.0473801780944 0.00717211815628 0.000316798354806
-0.0798498270426 -0.165317020046 -0.0648603713013 0.0373045170619 0.0186011889123 0.0025648368973 0.000113290954179
0.0709607328089 0.147477477027 0.0591077757656 -0.0319222029656 -0.0161640032923 -0.00223399454493 -9.86773755057e-05
0.055658
3
-0.447391798257 -0.945228424273 -0.501602192255 0.0401961891986 0.0515627340153 0.00803667362791 0.000367610441894
-0.0892446938134 -0.172176929984 -0.0594247849638 0.0410499969727 0.0202697227658 0.00287401247488 0.000131461976038
0.0793458881904 0.153748784966 0.0544943645563 -0.0351467132802 -0.0176133705926 -0.00250328907764 -0.000114504488626
0.055593
3
-0.501547703654 -1.0006552073 -0.0237651159216 0.388964117522 -0.189661314059 0.0500304877811 -0.00558148436507
-0.0990045200326 -0.178396239834 0.0316298350892 0.0720355799111 -0.0566027537469 0.0178915124172 -0.00199600686008
0.08806581182 0.159475972253 -0.026634949511 -0.0642725818138 0.049557339498 -0.0155836580418 0.00173853879042
0.055546
3
-0.557185208697 -0.999819178569 -0.0282205019028 0.307469480243 -0.136889103135 0.0316353419387 -0.00297071130934
-0.108812445689 -0.174249629667 0.0311405114753 0.0576290861694 -0.0415827517075 0.0113131839848 -0.00106236258402
0.0968386137801 0.155951963362 -0.0261835745992 -0.0513884111843 0.0363869685594 -0.00985387855833 0.00092532676052
0.055609
3
-0.612756958549 -1.00020062833 -0.0177071392386 0.257347988154 -0.10876937137 0.0231168538192 -0.00194629336234
-0.118385771726 -0.170284708983 0.033482365697 0.0480068260796 -0.0333374444866 0.00826686877338 -0.000696018236165
0.105411890084 0.152591991631 -0.0282556754308 -0.0428180662436 0.029163954875 -0.00720051234557 0.000606237747281
0.055634
3
-0.6683884127 -0.999856271408 -0.0161789239194 0.215203358133 -0.0848337018401 0.0161668233973 -0.00118799372269
-0.127743614854 -0.166138061191 0.0343357115206 0.0406641012413 -0.0263369173299 0.00578145315764 -0.000424841039608
0.113802878612 0.149071959582 -0.0289919511474 -0.0362462817264 0.0230308889515 -0.00503569440596 0.000370040124558
0.055651
3
-0.724027944228 -0.999715885056 -0.0151219575189 0.182976493211 -0.0672043731145 0.011462525908 -0.000736166434829
-0.136873465055 -0.161957900555 0.0352465647026 0.0352500733384 -0.0211252554195 0.00409913901924 -0.000263262092657
0.122000547321 0.14552516467 -0.0297731628874 -0.0313912981752 0.0184665723996 -0.00357038461881 0.000229303500547
0.055664
3
-0.779679455107 -0.999744709173 -0.0143587196704 0.157934861202 -0.0538792006316 0.00819833491996 -0.000460008691892
-0.145771610418 -0.157721712122 0.0362410841484 0.0312271839944 -0.0171425030554 0.00293182452393 -0.000164504716784
0.13000177955 0.141932226097 -0.0306229462524 -0.0277748744845 0.0149797212552 -0.0025536438594 0.000143284994184
0.055644
3
-0.835347394029 -0.999911932695 -0.00778175883195 0.140152243074 -0.0454972895884 0.00637711406612 -0.000324666644497
-0.15443357585 -0.153408448772 0.0382563574737 0.0280583295984 -0.0145855941823 0.00228053374173 -0.000116104750505
0.137802815754 0.138275040292 -0.0323859434681 -0.0249420360423 0.0127425875092 -0.00198636410133 0.00010112821581
0.055615
3
-0.890986758112 -0.999507161271 -0.00724196836663 0.124030018882 -0.0371230959082 0.00461692223025 -0.000205209860576
-0.162846671361 -0.14890030071 0.0393924647394 0.0257430822993 -0.0120348202105 0.00165106768044 -7.33855481221e-05
0.145392525247 0.134447887845 -0.0333540010734 -0.0228467726252 0.0105107203643 -0.00143809385902 6.39194306484e-05
0.055626
3
-0.946575556472 -0.999187128999 -0.00689318070301 0.111093398426 -0.0303575512983 0.00332191195189 -0.000128081331902
-0.171001575331 -0.144288024938 0.0406274661118 0.0240588260414 -0.00994998701569 0.00118795621574 -4.58034458943e-05
0.152762822046 0.130533104231 -0.034404384254 -0.0213126947856 0.00868718425112 -0.00103471987181 3.98951872435e-05
0.055635
3
-1.0021586497 -0.998943502466 -0.00670822785032 0.100665543206 -0.0247761858095 0.00235787107452 -7.80946305586e-05
-0.178897956926 -0.139551616167 0.041973549094 0.0228829842888 -0.0082086350637 0.00084320344412 -2.79275920409e-05
0.159913791298 0.126513652839 -0.0355476520701 -0.0202303135121 0.00716464704075 -0.000734437303367 2.43251679427e-05
0.055642
3
-1.05773804697 -0.998772133953 -0.00664679734756 0.0922666575583 -0.0200848088844 0.00163643361686 -4.59125176441e-05
-0.186528064006 -0.134674392129 0.0434460794025 0.022129313288 -0.00672526495767 0.000585208613279 -1.64188760887e-05
0.166838873948 0.122375349798 -0.0367971665426 -0.0195225641424 0.00586818873803 -0.000509721632236 1.43009793935e-05
0.055647
3
-1.11331613273 -0.998668604116 -0.00668677964234 0.0855389645388 -0.0160640947811 0.00109637284001 -2.55359187224e-05
-0.193883297149 -0.129638649821 0.0450596593943 0.0217371766457 -0.00543543367217 0.000392076294895 -9.13195587672e-06
0.173530795331 0.118103143227 -0.0381654937895 -0.0191350972674 0.00474135995018 -0.000341501755887 7.95401050047e-06
0.055651
3
-1.16889548763 -0.998629180808 -0.00723990301264 0.0801621854308 -0.0124512406934 0.000684598659346 -1.27483489317e-05
-0.200954114381 -0.124425543039 0.0467769864511 0.0216988734185 -0.00425807927903 0.000244820827414 -4.55896500969e-06
0.179981482896 0.113681017176 -0.0396176364401 -0.0190587695434 0.00371326049768 -0.000213241003163 3.97089693028e-06
0.055632
3
-1.22447881526 -0.998698754047 -0.0075857015551 0.0760538382569 -0.00928417398683 0.000392505411218 -5.58639409512e-06
-0.207729938104 -0.11902049939 0.0487122295956 0.0219380327663 -0.00320784356523 0.000140364720595 -1.99776263941e-06
0.186181986674 0.10909697721 -0.0412563078845 -0.0192281300269 0.0027966189113 -0.000122258854136 1.74006808901e-06
0.055637
3
-1.28004898486 -0.998843002446 -0.00781756351594 0.0730317391628 -0.00643001629259 0.000192723148005 -1.93582517241e-06
-0.214196789681 -0.113399085732 0.0508663980432 0.0224401988833 -0.0022440536706 6.89201474652e-05 -6.92274683814e-07
0.192120310183 0.104330019084 -0.0430816027245 -0.0196294317695 0.00195585270152 -6.00300290576e-05 6.02977081647e-07
0.055641
3
-1.33563337938 -0.99903910972 -0.008125661266 0.070963557062 -0.00375759129418 6.69045857929e-05 -3.97957933834e-07
-0.220344684651 -0.107532122364 0.053237958167 0.0232146819957 -0.00132446393552 2.39258956003e-05 -1.42314609161e-07
0.197788207775 0.0993552062811 -0.0450906695883 -0.0202694928528 0.00115405919344 -2.08396566308e-05 1.23957223504e-07
0.055645
3
-1.39123430476 -0.999286839727 -0.00850425271058 0.0697834703386 -0.00119449318404 6.82603348619e-06 -1.30077105546e-08
-0.22615911551 -0.101392946684 0.0558552355406 0.0242652893567 -0.000425192654126 2.44107279971e-06 -4.65171588824e-09
0.203173392854 0.0941499214135 -0.0473075813025 -0.0211510059588 0.000370391359353 -2.12619497328e-06 4.05168372688e-09
0.055649
3
-1.44685423509 -0.999585873579 -0.00894716653025 0.0694551366318 0.00132461340246 8.41812157936e-06 1.78314077158e-08
-0.231624028925 -0.0949516725652 0.0587515369287 0.0256041582276 0.000476132225122 3.01042291304e-06 6.37672880504e-09
0.208262269011 0.088688812197 -0.0497606392848 -0.0222839697127 -0.000414659678341 -2.62210371846e-06 -5.55418450972e-09
0.055701
3
-1.50249578224 -0.999935494183 0.0063609898604 0.0696836918463 0.000556109807442 1.48002245288e-06 1.31312092158e-09
-0.236721623396 -0.0881745586325 0.0633601453161 0.0252411012469 0.000199299332519 5.29274074028e-07 4.6958805152e-10
0.213039758144 0.0829432530435 -0.0537945150985 -0.0219778849601 -0.000173581646684 -4.6100217733e-07 -4.09015148902e-10
0.055539
3
-1.55816165829 -0.99857787142 -0.00949839836157 0.0709468548107 0.00633645385688 0.000190880905229 1.92244028034e-06
-0.241432109639 -0.0808810005017 0.0653531979877 0.0290215869467 0.00232113605052 6.8261338987e-05 6.87488083217e-07
0.217489096916 0.0767457215263 -0.0553557339139 -0.0251948263059 -0.00202047183366 -5.9456201323e-05 -5.98807912202e-07
0.055636
3
-1.613639168 -0.998972057461 -0.0112327238444 0.0732507130699 0.00931322432305 0.000405188328724 5.91577756939e-06
-0.245717608442 -0.0733514883264 0.0692278350815 0.0315223483317 0.00344718442446 0.000144900286529 2.11555418575e-06
0.221576421662 0.0703623346915 -0.0586280958591 -0.0273347789577 -0.00299986686305 -0.000126209370275 -1.8426655182e-06
0.055662
3
-1.66924002315 -0.999535297295 -0.00436626438364 0.0758311697143 0.0106355643939 0.000517155089882 8.4681863845e-06
-0.24957884351 -0.0653532705221 0.0741916474618 0.0331509713272 0.00395158465902 0.000184940965452 3.02832669777e-06
0.225304887722 0.0635827658251 -0.0628944311114 -0.0287372310836 -0.0034384851891 -0.000161085138937 -2.63769806579e-06
0.055573
3
-1.72487660911 -0.999277640181 -0.00341611084888 0.0795741002753 0.0134497148959 0.00080453095999 1.62982545261e-05
-0.252980923205 -0.0567812857009 0.0791193553442 0.0360016606918 0.00503905264219 0.000287710080375 5.82845453175e-06
0.228644185341 0.0563098295207 -0.0670819046895 -0.0311857290436 -0.00438383008797 -0.00025059790381 -5.07663299877e-06
0.055644
3
-1.7804066951 -0.998910785935 -0.0136393440162 0.0859351839195 0.0191982732832 0.0015732794716 4.41214887896e-05
-0.255885875724 -0.0476503751906 0.0840829612712 0.0413179651986 0.00731087255841 0.00056262392094 1.57783823336e-05
0.231560946835 0.0485619170409 -0.0712087271652 -0.0357469308373 -0.00635767823024 -0.000490050174945 -1.3743103937e-05
0.055700
3
-1.83601774393 -0.99961714262 0.00224875119761 0.0900573758979 0.0193509458535 0.00154322614784 4.226828273e-05
-0.258269817755 -0.0379040164797 0.0911619632293 0.0427394812409 0.00735291106112 0.000551876485944 1.51156532518e-05
0.234036442608 0.0403007260234 -0.0773427417145 -0.0369862832156 -0.00639458045853 -0.000480689068522 -1.31658613237e-05
0.055526
3
-1.8916732127 -0.998514991921 -0.0161787005299 0.101124259869 0.0284031594445 0.00312349895546 0.000120059474431
-0.260090772435 -0.0273457626972 0.0975147726599 0.0512179745645 0.0110253139067 0.00111700130911 4.29347318576e-05
0.236034769555 0.0313361328848 -0.0825810076612 -0.0442680502211 -0.0095833515333 -0.000972917550372 -3.73965131501e-05
0.055657
3
-1.947149167 -0.999356730292 -0.00636621951692 0.10926982199 0.0313276182316 0.00359805272794 0.000145628529762
-0.261299650083 -0.0160351889274 0.106131093382 0.0553372650325 0.0121903689014 0.00128670752405 5.20785377894e-05
0.237512463554 0.0217492642271 -0.0899694535767 -0.0478284832288 -0.0105954058198 -0.00112073309327 -4.53608451485e-05
0.055546
3
-2.00277068061 -0.999028152568 -0.0133929612486 0.123197821389 0.039820602116 0.00539275545217 0.000261887856467
-0.261853698862 -0.00369864943416 0.115503824418 0.0640987791793 0.0157002601376 0.00192851509979 9.36542904878e-05
0.238435912537 0.0112826201481 -0.0978621981043 -0.0553736386502 -0.013641773492 -0.00167975289863 -8.15736760022e-05
0.055634
3
-2.05828219355 -0.999348125235 -0.0179939253168 0.140040580993 0.0494575826473 0.00763827873324 0.000430956577017
-0.261691640926 0.00973697549124 0.126731138777 0.0741246259373 0.0197215357941 0.00273154160319 0.000154115326293
0.238751056417 -0.000110990361891 -0.107347795218 -0.0640149774603 -0.0171312294499 -0.00237919574816 -0.000134235747541
0.055624
3
-2.11391098831 -1.00001550473 -0.00823995779216 0.156302937607 0.056575213715 0.00920500343853 0.0005543976968
-0.260744729868 0.0245400784307 0.139830720055 0.0825386373755 0.0226389447238 0.00329182145978 0.000198259375759
0.238401436971 -0.0126616756521 -0.118538506463 -0.071284410673 -0.0196638345512 -0.00286720422331 -0.000172685586515
0.055658
3
-2.16953377273 -0.999441981415 -0.0160007254924 0.182864872201 0.0722789068413 0.0134586483985 0.00095131232682
-0.258932653776 0.0408778014748 0.155457861098 0.0979326543593 0.0292976910866 0.00481297675917 0.000340200886756
0.237317927665 -0.0265241571552 -0.131730313739 -0.0845583238311 -0.0254398809913 -0.004192143304 -0.000296317838375
0.055655
3
-2.22517819601 -0.999473172485 -0.0211706686584 0.21591537871 0.0917075320751 0.0191509276619 0.00155921915072
-0.256158720098 0.0591133674705 0.174555530012 0.116483031188 0.0375915099234 0.00684860522576 0.000557595778765
0.235418738428 -0.0419914758959 -0.147886978153 -0.100562393514 -0.0326331813334 -0.00596519284748 -0.000485670620751
0.055858
3
-2.28083143415 -0.99975913477 0.0786831396764 0.205349752186 0.0689818234545 0.0107408392202 0.000629078731974
-0.252307631107 0.079651843664 0.189769827092 0.103241294999 0.0272872717686 0.00384105506069 0.00022496622447
0.232605968121 -0.0594100667966 -0.161606023046 -0.0892444874665 -0.0237077428655 -0.0033455913167 -0.000195947476734
0.055667
3
-2.33639447312 -0.988998102989 0.494590191251 0.00211204619682 -0.0654062186762 0.0165894487274 -0.00117282195288
-0.247248026139 0.101837947947 0.168440111282 -0.0366486731323 -0.0194235467019 0.00593258912847 -0.000419415429747
0.228767388141 -0.0783162604706 -0.1469049855 0.0310685179348 0.017008506656 -0.00516733510979 0.000365314372661
0.055670
3
-2.38991678523 -0.933957950636 0.498889456034 -0.0151399244774 -0.0620269428794 0.0170279383453 -0.00126413730496
-0.241063535242 0.120237287739 0.161307786759 -0.0428592117899 -0.0180117724557 0.006089398362 -0.000452070912994
0.223958030987 -0.0943715076907 -0.140890336188 0.0364770141156 0.0157834745881 -0.00530391727323 0.000393757573674
0.055673
3
-2.44036768015 -0.878593914122 0.503698578059 -0.0341031742598 -0.0590890321563 0.0180357945827 -0.00143090850065
-0.2338775117 0.13778681268 0.152498276556 -0.0502521130212 -0.0166020287314 0.00644982004059 -0.000511710325898
0.218274122493 -0.10970857495 -0.133457239743 0.042902353592 0.0145637634162 -0.00561784759164 0.000445704004743
0.055701
3
-2.48772661498 -0.822866438381 0.509500590194 -0.0557403872153 -0.0563431244059 0.0198196202381 -0.00171612527168
-0.225742717202 0.154288376519 0.141451477898 -0.0592952829497 -0.0150366413034 0.00708773784391 -0.000613707320665
0.211760248112 -0.124159715299 -0.124134550215 0.0507492676637 0.0132135992991 -0.00617347937245 0.000534544246456
0.055712
3
-2.53199029758 -0.766664119547 0.515501022846 -0.0802126714359 -0.0531472217461 0.022432997675 -0.00215956563757
-0.216720262685 0.169484325422 0.127665402813 -0.0699512702685 -0.0130472058864 0.0080223134784 -0.000772287002068
0.204468215854 -0.137507292722 -0.112489999274 0.0599873033565 0.0115000848676 -0.00698750262339 0.000672668484907
0.034506
3
-2.5731167484 -0.710007922113 0.524111857327 -0.110083286134 -0.0489987873839 0.0266736104455 -0.00294080180734
-0.206893991541 0.18304923183 0.109823339504 -0.0836350966422 -0.0102016577581 0.00953880830795 -0.00105166658144
0.196468800177 -0.14947510567 -0.097426405636 0.0718375939874 0.00905264155037 -0.00830838239559 0.000916010452164
t
0.021226
3
-6.2644758727e-18 -0.645850964685 0.521536990405 -0.250567192286 0.0809048420329 -0.0156373080652 0.00176430645536
1.38463068325e-18 0.142751776953 -0.615650499097 0.506127624442 -0.188949758796 0.0419550282003 -0.00473364896184
1.74368747508e-18 0.179769586598 0.0123260231918 -0.0760888886062 0.0353461729279 -0.00912632608181 0.00102969359897
0.055103
3
-0.0134759904999 -0.6240466718 0.410450162935 -0.154693555777 0.0355044601488 -0.00474889337523 0.00030175054366
0.00275742774845 0.117293555815 -0.566007268881 0.324144298636 -0.086594934706 0.0127413206063 -0.000809599229991
0.00382055078862 0.180191343828 0.0351072178952 -0.0519043416833 0.0170633499557 -0.00277157355277 0.000176109202768
0.055657
3
-0.0466421560432 -0.580198123429 0.213305060134 0.0147794024473 -0.00967890109435 -0.00127831501043 -4.35058324153e-05
0.00755550796911 0.0578113725109 -0.496820326452 0.0070100212722 0.0283507610436 0.00342972985425 0.000116726511894
0.0138477134707 0.183598867342 0.0813281815787 -0.0110760219178 -0.00665463118705 -0.000746056774719 -2.53910974592e-05
0.055646
3
-0.0782708214251 -0.556323837809 0.211678836011 0.0164065921719 -0.0105293789728 -0.00147921220547 -5.32444510014e-05
0.00923559586943 0.00259355280186 -0.49509877158 0.00646170064014 0.0309760029143 0.00396873870721 0.000142855306934
0.0243161589791 0.192544216403 0.0807077377717 -0.0117381114935 -0.00729597909704 -0.000863305427959 -3.10748000781e-05
0.055654
3
-0.108569625509 -0.532620764609 0.211439801726 0.0168461626746 -0.011320337451 -0.00164700869337 -6.14455198214e-05
0.00784828761108 -0.05242502807 -0.493711329731 0.00838773143959 0.0333712940587 0.00441893808631 0.000164858843104
0.0352782123976 0.201412170023 0.079662333681 -0.0127926955125 -0.00787292572746 -0.000961235676412 -3.58611500022e-05
0.055654
3
-0.137554169078 -0.508937366166 0.210168275405 0.0183866373835 -0.0123492128692 -0.00190488610093 -7.50212961424e-05
0.00340323669707 -0.107277439623 -0.492499044967 0.00865506211572 0.0365586218601 0.00511082532555 0.000201282764409
0.046731972128 0.210154808926 0.0789769107177 -0.013751539489 -0.00865362165849 -0.00111173941406 -4.37843143348e-05
0.055654
3
-0.165224477368 -0.485381776386 0.209464280318 0.0195120765609 -0.0134449735107 -0.00217895911681 -9.00001715918e-05
-0.00409076262446 -0.161990497357 -0.491547522562 0.0100733558884 0.0399405627487 0.00584616551723 0.0002414712124
0.0586700611709 0.218811746679 0.0781145130709 -0.0149684073955 -0.00947975395201 -0.00127169531584 -5.25263625901e-05
0.055655
3
-0.191585956144 -0.461894735844 0.208750009587 0.0207810783406 -0.0146992063541 -0.002509584633 -0.000108980519608
-0.0146265918077 -0.216582377852 -0.49085683745 0.0116978404394 0.0438319282707 0.00673323653979 0.000292395644722
0.0710871184356 0.227360851695 0.0772673144614 -0.0163511704205 -0.0104339424937 -0.00146465667845 -6.36037708255e-05
0.055643
3
-0.216642666102 -0.438475924767 0.208162808285 0.0220549111803 -0.0161196253297 -0.00289922507792 -0.000132431161682
-0.0281984603939 -0.271080396232 -0.490413991393 0.0138515203562 0.0482525590708 0.00777864510925 0.000355313913353
0.0839772993935 0.235802268023 0.0763732624624 -0.0179600174866 -0.0115203279608 -0.00169206063699 -7.72901550485e-05
0.055644
3
-0.240392587981 -0.415116760138 0.207759335153 0.0232506311175 -0.0177237622216 -0.00335404811116 -0.000161087462526
-0.044797687828 -0.325494209262 -0.490156329581 0.0167594334743 0.0532544562711 0.00899893910781 0.000432199007964
0.0973312735368 0.244126685241 0.0753816263924 -0.0198444116607 -0.01275123785 -0.00195750679266 -9.40146925913e-05
0.055645
3
-0.262844236163 -0.391792044082 0.207452202198 0.0244506749944 -0.0195608575312 -0.0038969203495 -0.000196982326624
-0.0644237347325 -0.379849922028 -0.490089630339 0.0203855409972 0.0590016697845 0.0104554698594 0.000528505228266
0.111145317994 0.252322544349 0.0743103218445 -0.0220344084593 -0.0141688943409 -0.00227434067783 -0.000114963837614
0.055647
3
-0.283999241717 -0.368491108146 0.207227176215 0.025661257272 -0.0216794959281 -0.00455076581008 -0.000242420479943
-0.0870740245655 -0.4341617531 -0.490210429737 0.0248524322341 0.0656535476524 0.0122097426935 0.000650416173292
0.125412040977 0.260378027232 0.0731464211718 -0.0245851789435 -0.0158138946012 -0.00265594132517 -0.000141482686128
0.055649
3
-0.303858686856 -0.345204828061 0.20709368867 0.0268525766378 -0.0241346612494 -0.00534176586035 -0.00030025150574
-0.112746785065 -0.488442320689 -0.490489865874 0.030372322341 0.07338860905 0.0143320024378 0.000805577298727
0.140123356998 0.268279338579 0.0718576138942 -0.0275699564068 -0.0177314158237 -0.00311758883888 -0.000175234326555
0.055651
3
-0.322423180595 -0.321923249951 0.206978659851 0.0281148807597 -0.0270202169251 -0.00632058209655 -0.000375820876955
-0.141440974982 -0.542699150636 -0.49101058778 0.0370150885149 0.0825246396978 0.0169581745782 0.00100833055314
0.155270366347 0.276008401542 0.0704698177959 -0.0310678044718 -0.0200040834698 -0.00368885060008 -0.00021933851128
0.055628
3
-0.339692831528 -0.298643962239 0.206807898856 0.029578936439 -0.030468150657 -0.00756481897375 -0.000477789018768
-0.173156027999 -0.596947676816 -0.491966162613 0.0448732467564 0.0935160892709 0.0202964725163 0.00128191192964
0.170843116913 0.28354916833 0.0690364931825 -0.0351895967505 -0.0227512872278 -0.00441501851959 -0.000278849682145
0.055629
3
-0.35566106385 -0.275382055411 0.206852262864 0.0307790457807 -0.0345188767236 -0.00908321553391 -0.000609267125842
-0.207876835156 -0.651200002642 -0.492905360087 0.0549789568178 0.106454866441 0.0243703431746 0.00163466878952
0.186823768939 0.290887345417 0.0672897951789 -0.0401153753532 -0.0259896376551 -0.00530119292197 -0.000355583610566
0.055630
3
-0.370335112827 -0.252106705482 0.206931156056 0.0319258514884 -0.0393856861438 -0.0110069688908 -0.000786187673417
-0.245617017326 -0.705454419557 -0.494026568454 0.0674557249463 0.122076585876 0.0295317895056 0.00210934809696
0.203206506243 0.297983255843 0.0653052933281 -0.0460129632887 -0.0299125858765 -0.00642394374092 -0.000458838889609
0.055631
3
-0.38371423119 -0.228814933517 0.207027413212 0.0329792940334 -0.0452966288491 -0.0134772629275 -0.00102820257092
-0.28637726133 -0.75970774773 -0.495330308227 0.0829496455531 0.141149634286 0.0361596090472 0.00275867608919
0.219977103195 0.304800988876 0.0630293581594 -0.0531331480813 -0.0347193145896 -0.00786566943967 -0.00060008486763
0.055634
3
-0.395797551011 -0.205506168435 0.207118729162 0.0338784992031 -0.0525630208691 -0.0166972777857 -0.00136541049535
-0.330158113496 -0.813950397779 -0.496817191835 0.102335151916 0.164729113632 0.0447989358173 0.00366340776805
0.237119162104 0.311296194856 0.0603930298569 -0.0618116932636 -0.0406843334059 -0.00974495105651 -0.000796887889152
0.055638
3
-0.406584261378 -0.182182999283 0.207175687521 0.034529386887 -0.0616175204439 -0.0209653854592 -0.00184503780922
-0.376959751013 -0.868164215751 -0.498484526495 0.126816828567 0.194290288394 0.0562503043684 0.00495025185882
0.254613637 0.317413546832 0.0573052579048 -0.0725055196531 -0.0481929114127 -0.0122359259876 -0.00107681044653
0.055638
3
-0.416073808061 -0.158852312524 0.206869457176 0.0357028635561 -0.0734071665514 -0.0270713177833 -0.00259210623716
-0.426781602933 -0.92231885027 -0.501996142679 0.157223187308 0.233291601914 0.0726325718137 0.00695464269328
0.272438176073 0.32308307209 0.0542299975292 -0.0859877870537 -0.0581851536326 -0.0157995015846 -0.00151281836109
0.056430
3
-0.424266165172 -0.135553189621 0.243937079399 -0.101021544643 -0.0134981245154 -0.000533296329491 -6.83667104195e-06
-0.479621807994 -0.976554278262 -0.237022341919 0.307116696229 0.0369092849658 0.00143083850811 1.83428455311e-05
0.290566238539 0.328278142961 -0.0399834282345 -0.0741899191879 -0.00817073283266 -0.000311245144041 -3.99005308221e-06
0.055516
3
-0.431156994941 -0.108997021619 0.243668549204 -0.176455671988 0.0465345581887 -0.00513121118457 0.000202721659479
-0.535428452232 -1.00034430092 -0.0274529106961 0.361288814097 -0.118206849629 0.0137670824833 -0.000543903906273
0.308950396017 0.323050934381 -0.103359191724 -0.0556360970375 0.0243528394426 -0.00299470383712 0.000118313456545
0.055537
3
-0.436486850365 -0.0835418447831 0.210102809094 -0.141586328563 0.0217650974931 -0.00125974687268 2.51550417863e-05
-0.590987680029 -1.00013218463 -0.0296493998293 0.324678690651 -0.0567426022555 0.00337991138553 -6.74911873018e-05
0.326557109888 0.311076820379 -0.0934537950338 -0.0593279954158 0.012004604785 -0.000735219942761 1.46811147409e-05
0.055625
3
-0.440502534785 -0.0615001011505 0.184035320202 -0.119641848695 0.0046804554881 -6.27615185126e-05 2.82546145643e-07
-0.646568499162 -1.00045989933 -0.0234206491377 0.308720499278 -0.0124747789991 0.000168389678589 -7.58073669643e-07
0.343535121463 0.300155735582 -0.0890701516208 -0.0646414423401 0.00269662099736 -3.66291999203e-05 1.6490103332e-07
0.055583
3
-0.443374596885 -0.042133494007 0.161838543409 -0.10060038112 -0.0139322228129 -0.000589830882254 -8.15868224572e-06
-0.702238607897 -1.0002083486 -0.0271683591924 0.307527787717 0.0381607431083 0.00158252118557 2.18898126372e-05
0.35994461068 0.289648491817 -0.0838699520847 -0.0745947738823 -0.00846071806401 -0.000344240130215 -4.76161205381e-06
0.055594
3
-0.445233919136 -0.0250845198205 0.143444456346 -0.0879049916587 -0.0318407138094 -0.00316829562881 -0.000100871642438
-0.757864068361 -1.00035195928 -0.0294045780216 0.323231941636 0.0896019859354 0.00850056364558 0.000270639459518
0.375772171692 0.279627778963 -0.0813081421186 -0.0881970692609 -0.0203449545095 -0.00184909697446 -5.88712262657e-05
0.055809
3
-0.446200532884 -0.00997237485497 0.128434556473 -0.101478510532 -0.0243752028971 -0.00174396880482 -4.05468238041e-05
-0.813511883571 -1.00056238579 0.0509551811459 0.33744148234 0.0676717837187 0.00467908287549 0.000108787467065
0.391051087509 0.269755492437 -0.103077525328 -0.0867423641306 -0.0151856242738 -0.00101782403486 -2.36641456493e-05
0.055637
3
-0.446374929036 0.0033980617749 0.109793090953 -0.184711137537 0.112167056882 -0.0291254814648 0.00273530906248
-0.869134558462 -0.991674491918 0.456757560604 0.228204434295 -0.263279216577 0.0781439101352 -0.00733885707018
0.405769676753 0.257428988415 -0.208231997854 0.00508692404689 0.0495606214453 -0.0169983631472 0.00159639512982
0.055598
3
-0.445876765966 0.0139757028944 0.0814135683333 -0.155563060196 0.0928371308979 -0.0227192459531 0.00197668594959
-0.922857341886 -0.938908018856 0.462066469721 0.184959983608 -0.218750666789 0.0609559267285 -0.00530346491944
0.419448941473 0.23433888835 -0.199496989349 0.00733801598689 0.0413755876699 -0.0132595230609 0.00115364361066
0.055615
3
-0.444873952221 0.0216486658583 0.0577065722112 -0.132373483681 0.0779328724183 -0.01804070776 0.00146188818444
-0.973600392145 -0.88596069921 0.466177818086 0.151078400198 -0.184288709377 0.0484033696638 -0.00392225821402
0.431862615789 0.212251624657 -0.192069511274 0.00890822134721 0.0350103376783 -0.010529010561 0.000853194693788
0.055627
3
-0.443513517037 0.0268918044859 0.0376411689807 -0.113621251495 0.0661900144971 -0.0145348012655 0.00110155133176
-1.02140667446 -0.832830689242 0.469314377793 0.124159561974 -0.157047706347 0.0389969932445 -0.0029554714274
0.443074713315 0.190994105003 -0.185655515396 0.00997552732957 0.0299577087729 -0.00848287539839 0.000642893048318
0.055637
3
-0.441920053623 0.0300696717947 0.0204802960959 -0.0982723301993 0.0567958737197 -0.0118603046205 0.00084377193474
-1.06626266643 -0.779570980115 0.471723018827 0.102523995946 -0.135187787045 0.0318212963985 -0.00226384715125
0.453126708039 0.170451900959 -0.180068290766 0.0106811675426 0.0258871883693 -0.00692197192413 0.000492446512086
0.055645
3
-0.440200054843 0.0314745590879 0.00566648855434 -0.0855742363908 0.0491798935789 -0.00978803146097 0.00065581612925
-1.10815914117 -0.726219910233 0.473587424763 0.0849565706989 -0.117413363981 0.0262613701961 -0.00175956015461
0.462054841811 0.15053164109 -0.175165065649 0.0111249438363 0.0225650974876 -0.00571254121486 0.000382750779117
0.055650
3
-0.438445392174 0.0313437056078 -0.00721596314222 -0.0749698698549 0.042841438858 -0.00812557581857 0.00051316659458
-1.14708957617 -0.672805073105 0.474773262955 0.0708417406134 -0.102600104798 0.0218009878165 -0.00137683026115
0.469890901494 0.131156215589 -0.170781457606 0.011260805184 0.0197916642719 -0.00474229031068 0.00029949692472
0.055631
3
-0.436735987511 0.0298732013587 -0.0185250202778 -0.066057946384 0.0376535474382 -0.00682793881583 0.000408127198705
-1.18304937242 -0.619374688964 0.475920279491 0.0590539301236 -0.0904287933645 0.0183194168954 -0.00109500868433
0.47666293368 0.112266405309 -0.166944817576 0.0113436084184 0.0175018359666 -0.00398495673553 0.000238193292779
0.055638
3
-0.43514246834 0.0272243858501 -0.0285179257141 -0.0584928630579 0.0333531057456 -0.00579898763042 0.000329244022196
-1.21602341538 -0.565936304907 0.476973876469 0.0491168144348 -0.0803042571835 0.0155587322673 -0.000883364462632
0.482393849643 0.0938090878421 -0.163547616346 0.0113846691255 0.0155888181768 -0.00338443495766 0.000192155087981
0.055643
3
-0.433725804645 0.0235305462788 -0.0374007093879 -0.0520217988808 0.0297122508715 -0.00495963159552 0.000267996577521
-1.24602656818 -0.512459380551 0.477807687066 0.0408122369721 -0.07171316875 0.0133067330122 -0.000719037056802
0.487109002784 0.0757265933166 -0.160491849645 0.0113372545443 0.0139610137656 -0.00289456567573 0.000156409539613
0.055648
3
-0.43254096626 0.0189053783972 -0.0453422270348 -0.0464544089136 0.0266063691575 -0.00426884091608 0.000219927527467
-1.27305578468 -0.458955457675 0.478479581821 0.0338408830481 -0.0643684437158 0.0114533358472 -0.000590067393852
0.490827856368 0.0579807809217 -0.157734559095 0.0112232072467 0.0125656466094 -0.00249140286993 0.000128355233628
0.055652
3
-0.431637081724 0.013445526309 -0.0524806389384 -0.0416388810475 0.0239390923609 -0.00369591029467 0.000181844501988
-1.29710886113 -0.40543190874 0.479036998867 0.0279630116567 -0.0580475118381 0.00991615820271 -0.00048789031828
0.493567972612 0.0405383232443 -0.155240176693 0.0110603781426 0.0113616676242 -0.00215702615678 0.000106129022617
0.055655
3
-0.431058300203 0.00723365534622 -0.0589286623795 -0.0374697192789 0.0216135159548 -0.00321079644791 0.000150948442507
-1.31818406942 -0.351892830704 0.479465692271 0.0231109857198 -0.0525296094525 0.00861459369836 -0.000404995932534
0.495345226048 0.0233699440398 -0.152975074044 0.0108193895095 0.0103090849876 -0.00187390152089 8.80973056309e-05
0.055643
3
-0.430844495188 0.000340880224447 -0.0647857435424 -0.0338481769073 0.0195816328172 -0.00279958706945 0.00012585153733
-1.33628002454 -0.298344624578 0.479848812352 0.0190915165685 -0.0477013444671 0.00751131549998 -0.000337660726241
0.49617400582 0.00644986716368 -0.150925889295 0.0105276213252 0.00938638737418 -0.00163390939052 7.34501208766e-05
0.055646
3
-0.431031755538 -0.00716984155006 -0.0701311679427 -0.0306500783478 0.017839959307 -0.00246157488409 0.000106142199488
-1.35139219191 -0.244799769861 0.48031258615 0.0154866238754 -0.0435475496656 0.00660442598231 -0.000284780408123
0.496067514806 -0.0102417669869 -0.149074369611 0.010293355735 0.00858908414351 -0.0014366369821 6.19472558529e-05
0.055650
3
-0.431653005538 -0.0152474817764 -0.075028213671 -0.0278403914996 0.0163049918402 -0.00217232070905 8.99292977749e-05
-1.3635248632 -0.191230281132 0.480751037202 0.0124454198945 -0.0398808735829 0.00582835461376 -0.000241281057357
0.49503784079 -0.0267311962203 -0.147387483822 0.0100343978194 0.0078839310742 -0.0012678209742 5.24849988489e-05
0.055655
3
-0.432738522582 -0.0238456124081 -0.079524081364 -0.0252947383906 0.0149959576525 -0.00193745987903 7.73449293011e-05
-1.37267618658 -0.137634470395 0.48124831097 0.00948448521339 -0.0367383257132 0.00519822104435 -0.00020751709159
0.493095615028 -0.0430367632654 -0.145833543331 0.00988654754399 0.00727599498183 -0.0011307502898 4.51404450583e-05
0.055655
3
-0.43431618711 -0.0329222147669 -0.0837081097208 -0.0232704874189 0.013677786218 -0.00169244327183 6.44312470199e-05
-1.3788442786 -0.0840038157823 0.48155568552 0.00823459550468 -0.0336025089096 0.00454083943996 -0.000172869574126
0.490250470028 -0.0591726186129 -0.144473862407 0.00930261458935 0.00667591866039 -0.000987752438548 3.76036954513e-05
0.055656
3
-0.436411640027 -0.042446660168 -0.0875168334394 -0.0210369228149 0.0127822956134 -0.00155417308601 5.77975078896e-05
-1.38202680393 -0.0303482488349 0.482189005086 0.00483433479417 -0.0314161680027 0.00416985937604 -0.000155071196609
0.486511377438 -0.0751630152878 -0.143107550918 0.00951163971488 0.00624459805072 -0.000907054482227 3.37320785341e-05
0.055653
3
-0.439048646004 -0.0523750795114 -0.0911194045664 -0.0194393599155 0.0117380967329 -0.00137089825056 4.87874949563e-05
-1.38222170855 0.0233486040895 0.482564336895 0.00398829960497 -0.0289221269822 0.00367813146114 -0.000130897256624
0.481886518064 -0.0909999421503 -0.141969544676 0.00899151788598 0.00576502907523 -0.000800090681047 2.847360849e-05
0.055654
3
-0.442248914092 -0.062689750386 -0.0944543735546 -0.0178512600715 0.0108977956073 -0.00123528979714 4.24855916252e-05
-1.3794272774 0.0770778752167 0.483074301989 0.00244428187742 -0.0268940778463 0.00331429284749 -0.000113989197329
0.476384023208 -0.106714425207 -0.140882093281 0.00877128727364 0.00537023253716 -0.000720946178664 2.4795659287e-05
0.055657
3
-0.446033384741 -0.07336170376 -0.0976019171903 -0.0165141425448 0.0101016688513 -0.00110671779571 3.66579903832e-05
-1.37364115787 0.130852263385 0.48364372583 0.00153482738398 -0.024977708735 0.00296933309333 -9.83536945029e-05
0.470010134694 -0.122310564851 -0.139931703912 0.0084209690874 0.00499832928758 -0.000645908326551 2.13945247063e-05
0.055659
3
-0.450421586351 -0.0843727576474 -0.100580513628 -0.0153477470625 0.00937521600199 -0.000991899315566 3.16271901589e-05
-1.36486006617 0.184685953606 0.484331871493 0.000909465118451 -0.0232278038684 0.00266127415172 -8.48560154651e-05
0.462770700938 -0.13780530463 -0.139098688839 0.00804445918295 0.00465844626182 -0.000578897375203 1.84584232298e-05
0.055651
3
-0.455431816462 -0.0957053539821 -0.103414167384 -0.0143312051249 0.00871233880028 -0.000889523904921 2.72941494722e-05
-1.35308032412 0.238593156332 0.485162202405 0.000520323165728 -0.0216294924211 0.00238660006954 -7.32304310971e-05
0.454671143301 -0.153211483577 -0.138379842966 0.00765050926203 0.00434765381476 -0.000519148512009 1.59295517599e-05
0.055654
3
-0.461080595695 -0.107342778924 -0.106101923252 -0.0134005361749 0.00812338909285 -0.000801907997123 2.37262326498e-05
-1.33829988426 0.292582865548 0.486092739091 0.000124738568698 -0.0202049992348 0.00215152585682 -6.36576804498e-05
0.445717538128 -0.168539424774 -0.137737814822 0.00730643791052 0.00406965060187 -0.000468013665705 1.3847225811e-05
0.055656
3
-0.467385465067 -0.11927162865 -0.108668391101 -0.0125711664639 0.00758846644947 -0.000724484260987 2.06801422196e-05
-1.3205112 0.346675759986 0.487133145107 -0.000158289479495 -0.0189089876829 0.00194379732584 -5.54849943733e-05
0.435912403066 -0.183799944178 -0.137180775058 0.00697047416546 0.00381622371302 -0.000422827226997 1.20694508625e-05
0.029647
3
-0.474362293015 -0.131479248303 -0.118625157192 -0.0257455407765 0.00238029566434 -6.30616508802e-05 5.38762578747e-07
-1.29970806198 0.400884671705 0.511143546838 0.0591255851133 -0.00625884359376 0.000169194936239 -1.44550450054e-06
0.425259230642 -0.199002302558 -0.148051603987 -0.0108248017537 0.00133536471412 -3.68043647149e-05 3.14435384519e-07
t
0.025833
3
3.8266432876e-17 -0.0906011580672 0.13717379692 -0.0304015376889 0.00189689211188 -4.64110776134e-05 3.97113138489e-07
-2.00733645332e-16 0.47526511784 -0.275026487785 0.0547729877527 -0.00335205197857 8.15993913481e-05 -6.9819948304e-07
7.68731885682e-18 -0.0182008078233 0.0358597724136 -0.0121674741506 0.000820388243709 -2.04601604389e-05 1.75065931318e-07
0.054346
3
-0.00224946662289 -0.0835747168276 0.0671980869319 0.18451431188 0.0264767586588 -0.0430645658892 -0.0112467338248
0.0120948506163 0.461165118026 0.102371813074 -0.364634972952 -0.062308514456 0.0757155951969 0.0197738704196
-0.000446457270703 -0.0163723918812 0.0216718348601 0.0437495887476 -0.00305444477898 -0.0189848625077 -0.00495808307632
0.055399
3
-0.0065631355004 -0.0746208178755 0.018292479965 0.511433894987 0.323259686381 -0.285919337194 -0.170204879373
0.0374007292729 0.4690246487 0.540925335345 -1.0071648834 -0.664759659537 0.502699896004 0.299252145727
-0.00126523962265 -0.0136319886019 0.0142167351823 0.12455851725 0.0524060293232 -0.126046534844 -0.0750342228305
0.054868
3
-0.0105510864078 -0.067679293623 0.0824985588015 0.73624178573 0.450303218225 -0.543756152303 -0.340484622537
0.0648672638511 0.519257693018 0.563480610725 -1.45741122221 -0.944778891962 0.956025443738 0.598635916059
-0.00195520589035 -0.0108804849092 0.0314404325408 0.172269729385 0.0554658229547 -0.239712988533 -0.1501014491
0.059495
3
-0.0138907215667 -0.0517051387401 0.27094444358 0.140492126876 -0.061360034217 -0.0423350467475 -0.00558399478259
0.0948052618194 0.567349877851 -0.350943104019 -0.29694911503 0.098002313025 0.0744329635278 0.0098177116107
-0.0024287081951 -0.00584918723118 0.067177415743 0.0152645537558 -0.0362841977798 -0.0186632565582 -0.00246168447312
0.055628
3
-0.0159790827397 -0.0180279530846 0.297772475939 0.0191722988826 -0.0506664738798 -0.0128437946259 -0.000870888319589
0.127256265254 0.522525139885 -0.492878562456 -0.0618543857166 0.0862184810686 0.0225818032669 0.00153118523561
-0.00253617479262 0.00227460010762 0.0686946512601 -0.0178526819635 -0.0250115700369 -0.00566214171707 -0.000383928054667
0.055629
3
-0.016057684202 0.0152434992766 0.300293346395 0.0185744258329 -0.0581630978133 -0.0157126609237 -0.00113951036831
0.15478828199 0.467175678374 -0.49284894889 -0.0641386297186 0.098837029508 0.0276258090474 0.00200347324971
-0.00220038521886 0.00973406350177 0.0654226643614 -0.0212334832556 -0.0288415965515 -0.0069268713409 -0.000502349140684
0.055630
3
-0.0142778008812 0.0487850096881 0.303328497992 0.0176182565478 -0.0674238794906 -0.0194936267959 -0.00151915404486
0.179241445188 0.411816496572 -0.492869747067 -0.0664630767679 0.114395562782 0.0342734571897 0.00267095813757
-0.00146037263981 0.0167955058045 0.0616904824311 -0.0253985551615 -0.0336005016926 -0.0085936968562 -0.00066971372111
0.055632
3
-0.0106227880335 0.0826496576239 0.307012751835 0.0160607307935 -0.079001101135 -0.0245440027103 -0.00206515366854
0.200615255328 0.356442990804 -0.493024982797 -0.0685716875801 0.133808178966 0.0431529666062 0.00363092802534
-0.000339819727723 0.0233998563951 0.0573875461951 -0.0306151502032 -0.0395849516652 -0.0108201373269 -0.000910415736111
0.055635
3
-0.00507264462409 0.116902667 0.311573711583 0.0139233513808 -0.0938476239656 -0.0315459086777 -0.00288672200011
0.218908523986 0.30104459895 -0.493179770104 -0.0708441703577 0.158637650445 0.0554636323911 0.00507539945878
0.00113391537561 0.0294729887513 0.0523788496953 -0.037193325657 -0.0473201870206 -0.0139069029621 -0.00127260124742
0.055580
3
0.00239714453346 0.151634714167 0.317449217917 0.0112221857662 -0.113473380489 -0.0416900001299 -0.00419214986125
0.234120019364 0.245622403488 -0.493296754707 -0.0738387727995 0.191346237912 0.0732988504218 0.00737058682341
0.00292891171854 0.0349225666172 0.0465001062142 -0.0456213265488 -0.0576517491013 -0.018378890024 -0.00184809453164
0.055573
3
0.0118064172872 0.186946265764 0.324922446694 0.00654054518611 -0.139463075602 -0.0562463177576 -0.0062523541251
0.246236987787 0.190238445159 -0.494020755906 -0.0753927980718 0.234548690509 0.0988915907711 0.0109928128657
0.00500514960424 0.0396282298959 0.0394414993865 -0.0568303400689 -0.0714384931748 -0.0247959914872 -0.00275632834009
0.055556
3
0.0231988281587 0.223022268131 0.335384466429 0.000977707776038 -0.176389002687 -0.0795863436043 -0.00996440208367
0.255272750099 0.13479723677 -0.494787499485 -0.0791171279798 0.295589346548 0.139927739921 0.0175192903718
0.00731877166493 0.0434352241068 0.0309475445152 -0.0719041220061 -0.0913452729203 -0.0350853598456 -0.00439277163541
0.055638
3
0.0366226274208 0.260171691747 0.344458600651 -0.0181467891953 -0.220476258256 -0.106106072545 -0.0144267420336
0.261223715628 0.0792973869206 -0.498503737298 -0.0593081867628 0.369035837235 0.186554404319 0.0253649221181
0.00981415484362 0.0461437371634 0.0193953352673 -0.0932468647362 -0.114582115028 -0.0467764891366 -0.00635997851799
0.055637
3
0.0521589831828 0.298175931411 0.361005793844 -0.0352165569822 -0.293755001484 -0.161074088164 -0.0252452496963
0.26408591714 0.0235386428773 -0.499340641859 -0.0529883532491 0.489462600488 0.283198499841 0.0443858905153
0.0124243435793 0.0473548097136 0.00541023640652 -0.122914224197 -0.154747615013 -0.0710089456191 -0.0111292795959
0.055397
3
0.0698570090054 0.337809070185 0.382043567806 -0.0672987875617 -0.402805484168 -0.25077088604 -0.0454292091953
0.263845566412 -0.0321658484384 -0.501709361525 -0.0287518425394 0.668241722337 0.440902317312 0.0798730822551
0.0150530660048 0.0467053637747 -0.0135888085134 -0.167123236014 -0.214926984333 -0.110551463694 -0.0200273071978
0.055380
3
0.0897277711398 0.379231935359 0.40949371542 -0.123071143899 -0.574657232005 -0.408222826861 -0.0864321129292
0.260525631396 -0.0875417570881 -0.504152833184 0.0231640320978 0.948990869427 0.717732401814 0.151963888163
0.0175682181412 0.0435097435302 -0.0401783614408 -0.234834284446 -0.310685944627 -0.179963598388 -0.0381032931907
0.055326
3
0.111959071201 0.423045332653 0.454527391824 -0.21719789652 -0.885339941462 -0.744992083619 -0.192427031617
0.254144577316 -0.142489779107 -0.507455328828 0.111828135328 1.45196676641 1.30983600702 0.338322863125
0.019811665364 0.0366792313454 -0.0785666502504 -0.34813241485 -0.488081960094 -0.328427141543 -0.0848307805402
0.055371
3
0.136710488613 0.470710278961 0.503851200484 -0.408164919773 -1.42410651015 -1.38042555297 -0.429010174282
0.244741036801 -0.196568203826 -0.502942039533 0.334600571227 2.32528898277 2.4270473929 0.754280462849
0.0215367980556 0.0244424145681 -0.140537210572 -0.537912209836 -0.794689745775 -0.608555753065 -0.189127627435
0.057888
3
0.164235617256 0.521720350714 0.0803730128338 -0.725419535843 -0.466836808506 -0.101503209106 -0.00738171033029
0.232394783502 -0.24749206234 -0.245201483233 1.16632922408 0.808886114954 0.178461705887 0.0129784331895
0.0223602088834 0.00336252275989 -0.247678328263 -0.421756807665 -0.216925559842 -0.044747332968 -0.00325420105366
0.055400
3
0.194560135637 0.523364994211 -0.486743873002 -0.562262911519 1.34363650445 -0.860145730273 0.175406243877
0.21748180341 -0.263517602374 0.191248921722 1.3101267797 -2.46072800639 1.51229774593 -0.308397121442
0.0216406118081 -0.0297233109389 -0.300861717432 0.0526563314199 0.500409146434 -0.379192221926 0.0773272260901
0.055517
3
0.221977489438 0.465130107332 -0.506650567914 -0.344670448524 0.945103123921 -0.559630844586 0.102274124965
0.203670157025 -0.231867256455 0.341163828461 0.856426759528 -1.73031936735 0.983936134348 -0.17981712076
0.0190839898459 -0.0622514983251 -0.290252320876 0.0821026701324 0.352485595152 -0.246711290829 0.0450871885148
0.055593
3
0.246188378075 0.406307997649 -0.518617301781 -0.195842083394 0.708991474288 -0.405282702634 0.069257332748
0.191979662323 -0.187205474813 0.440145058192 0.550854956969 -1.29947938383 0.71256311121 -0.121767398846
0.0147506170869 -0.0934906955152 -0.277125932018 0.106681497579 0.263080204178 -0.178667454957 0.0305318517142
0.055651
3
0.267146287645 0.347297504031 -0.52708065183 -0.074130070285 0.568305450568 -0.336137965334 0.0571265168245
0.183015280272 -0.134019708411 0.50459623413 0.31298220133 -1.04574905783 0.59099367631 -0.100439146049
0.0087174753739 -0.123141650615 -0.258919977793 0.138019753991 0.20701992978 -0.14818524055 0.0251840241521
0.055628
3
0.284833722165 0.288319956125 -0.515393593539 0.00568638434952 0.443279536095 -0.262381531164 0.0430049863802
0.177163960395 -0.0756426015348 0.534728809994 0.146726449705 -0.817899906427 0.461316012145 -0.0756108432298
0.00108839822611 -0.150541702606 -0.239630872909 0.148978903592 0.159407517162 -0.115669975787 0.0189585970905
0.055386
3
0.299282593127 0.231324933265 -0.484001104981 0.0206660027473 0.31816708099 -0.163410879433 0.0229979750364
0.174628487529 -0.0153300356379 0.543310926778 0.0839176029615 -0.584783431891 0.287307017786 -0.0404347595814
-0.00800035333253 -0.175714749039 -0.229216971438 0.121496555785 0.116537513502 -0.0720391118365 0.0101385764608
0.055504
3
0.310616469269 0.178109861106 -0.463443045827 0.0348809339887 0.24359246016 -0.113521186817 0.0143082489725
0.175454991889 0.0452419638215 0.549905545282 0.036529439714 -0.446782128854 0.199591567913 -0.0251565890613
-0.0184139576045 -0.199911661045 -0.219960727252 0.106832523337 0.0900962779342 -0.0500454162007 0.00630774126848
0.055580
3
0.319082774092 0.127147582316 -0.446939731116 0.045026859501 0.192655278285 -0.0828432521276 0.00951242399479
0.179662306686 0.106327334765 0.553406636304 0.00265613594299 -0.352816870282 0.145653996816 -0.0167246280012
-0.0301683977833 -0.223282453088 -0.211803207189 0.0963193770365 0.0717605689666 -0.0365211565206 0.00419351868356
0.055622
3
0.324778496818 0.0780115195934 -0.431924138672 0.042670607081 0.151779250847 -0.0581140007503 0.00592599816142
0.18727867781 0.167633113019 0.556320490592 -0.00781778100439 -0.27713599232 0.102175328259 -0.0104190177856
-0.043215498028 -0.245886273537 -0.207328158264 0.0816201273133 0.057304223803 -0.02561935297 0.00261245546059
0.055570
3
0.327790138525 0.0304600326259 -0.420865868102 0.0416340759536 0.123279677319 -0.0428388006032 0.00395049812702
0.19832004569 0.229262321668 0.559225499123 -0.0164901698047 -0.224593379756 0.0753186574209 -0.00694571768774
-0.0575191244148 -0.268154635049 -0.203425374239 0.0713548878875 0.0470160105482 -0.0188853346748 0.00174156321397
0.055597
3
0.32819145105 -0.0158469518685 -0.412207989438 0.0417663668814 0.102671244084 -0.0329441203528 0.00279194798482
0.212782209372 0.29111161041 0.561521787679 -0.0244720181251 -0.186739362905 0.0579219511273 -0.00490876893948
-0.0730360627374 -0.290071029534 -0.199736783398 0.0641708688469 0.0394453695224 -0.0145232996646 0.00123082045589
0.059482
3
0.326044433276 -0.0612252992853 -0.339915528556 0.933284480767 -0.0999030655036 -0.788418893802 0.341238223734
0.23069668912 0.353196378886 0.187881891573 -1.40477989331 0.0223613285517 1.38618849572 -0.599960888504
-0.0897689845851 -0.311658891307 0.134800783307 0.632099610114 -0.187301680629 -0.347571698175 0.150433671539
0.054744
3
0.321394578025 -0.0918886898525 -0.13956247352 1.14297037423 -0.653036011541 -1.06837651417 0.692329663804
0.252075846891 0.360739696426 -0.206846500336 -1.7568233459 0.902495554119 1.87840657381 -1.21724558195
-0.10769965996 -0.289091977259 0.360985883147 0.740075190331 -0.517482918982 -0.47099003111 0.305211098867
0.017179
3
0.316127110012 -0.0973674702897 -0.0452149929211 0.632320810873 -0.331789912352 -0.374674170116 0.205883759564
0.270925064999 0.322970364675 -0.210988380154 -0.978951793235 0.473899174202 0.658747562167 -0.36198231829
-0.12232733512 -0.243274350391 0.272704553907 0.402857112917 -0.248558574133 -0.16517379098 0.0907631317574
t
0.036515
3
7.82871164658e-19 -0.0786389469997 0.183055237086 -0.166411589318 0.175621686682 -0.0633735481312 0.0369146134506
-2.65379877235e-18 0.26657252231 -1.20211051452 2.71706285197 -3.00219420658 1.31730009035 -0.767317359811
2.88767734174e-18 -0.290065486738 0.752305005286 -0.899208089884 0.966837540955 -0.379897354853 0.221287341783
0.054558
3
-0.00263520391079 -0.0659024994852 0.0469704549071 -0.0178531395713 0.0039575546353 -0.000518115525963 3.34900466611e-05
0.00825805567773 0.189077909172 -0.585789627815 0.308435281274 -0.0761869957019 0.0107696925498 -0.00069613336784
-0.00963068864737 -0.238536824693 0.229797987174 -0.098715336151 0.0229184634637 -0.00310588129631 0.000200758526477
0.055658
3
-0.00609375703265 -0.0609341598228 0.0264268094686 0.00160389305525 -0.000919228426978 -0.000109922552349 -3.37938679831e-06
0.0168795216106 0.127864271131 -0.499526534956 -0.004782049857 0.0204242387493 0.00228488055998 7.02448681827e-05
-0.0219765681268 -0.214328999874 0.151817690913 0.00582926932445 -0.00568494489294 -0.000658938754539 -2.02579805544e-05
0.055656
3
-0.00940310171885 -0.0579781628119 0.0264833783038 0.00160973793487 -0.000974666106136 -0.000119339276407 -3.76468588612e-06
0.0224481293702 0.0722286572779 -0.499699801562 -0.00355313081366 0.0216748673293 0.00248061918939 7.82538015335e-05
-0.0334344528974 -0.197379018187 0.152023897959 0.00568530190088 -0.00603029843597 -0.00071538799348 -2.25676840285e-05
0.055653
3
-0.0125476555373 -0.0550159406714 0.0264932446874 0.00166792409121 -0.00104145350096 -0.000132121949839 -4.3170732714e-06
0.0249198262049 0.0165876855485 -0.499813392655 -0.00303630732071 0.0231983792528 0.00274632337297 8.97358784253e-05
-0.043948028407 -0.180408161647 0.152070914617 0.00580527238172 -0.0064485886042 -0.000792014661355 -2.58790104843e-05
0.055655
3
-0.0155271408219 -0.0520522926071 0.0266432923859 0.00156496718972 -0.00109508847637 -0.000139386239146 -4.60243380217e-06
0.0242946183532 -0.0390569552099 -0.499966146436 0.00013855673884 0.0243808424251 0.00289732089864 9.56674613024e-05
-0.0535163960574 -0.163432199859 0.152577202247 0.00505092451182 -0.00677906705258 -0.000835560973248 -2.75896249916e-05
0.055653
3
-0.0183413183811 -0.0490728543726 0.0266160952859 0.00166287183529 -0.00117938420644 -0.000157064781422 -5.41542279645e-06
0.0205725408386 -0.094689814881 -0.500001821396 0.00030400431011 0.0263183696798 0.00326479196542 0.000112566475279
-0.062138785695 -0.146406651705 0.152493833467 0.00534612928884 -0.00730895090348 -0.000941536283867 -3.24631467931e-05
0.055653
3
-0.02098965684 -0.0460956941354 0.0266714986228 0.00166958164022 -0.00126064576874 -0.000172643626601 -6.13454970164e-06
0.0137544446057 -0.150321868095 -0.500108678177 0.00206277575084 0.0281638039396 0.00358861814789 0.000127514445925
-0.0698135888705 -0.129388589413 0.152687462186 0.0051347285524 -0.00781679892233 -0.00103492480715 -3.6774005458e-05
0.055654
3
-0.0234721470972 -0.0431123471199 0.0267228060292 0.00168097326221 -0.00135131631761 -0.000190714776708 -6.9976047791e-06
0.0038401935875 -0.205948453675 -0.500207857729 0.00393095341377 0.0302282476065 0.00396425006958 0.000145454147347
-0.0765407580661 -0.11235121148 0.152866805577 0.00492399087635 -0.00838415579304 -0.00114325363403 -4.19476520454e-05
0.055655
3
-0.0257884869921 -0.0401231895278 0.0267729082563 0.00169465495015 -0.0014525078425 -0.000211629388311 -8.03163098931e-06
-0.00917010033 -0.261568337448 -0.500320075659 0.00597265892917 0.0325375248599 0.00439898696798 0.000166947701997
-0.0823193293451 -0.0952959001074 0.153043973426 0.0046976691315 -0.00901804665155 -0.00126862779818 -4.81461975536e-05
0.055656
3
-0.0279383406877 -0.0371283552951 0.0268279063958 0.00170186686794 -0.00156455426477 -0.000235403007757 -9.24599936537e-06
-0.025276108786 -0.317180929098 -0.500424135208 0.00834966064139 0.0350973667063 0.00489315199373 0.00019218989876
-0.0871482583796 -0.0782231673953 0.153235918828 0.00440594484924 -0.00972031282457 -0.00141114049329 -5.54258173238e-05
0.055657
3
-0.0299213785417 -0.0341273590034 0.026882730062 0.00170991211169 -0.00169037243863 -0.000263110908695 -1.0714089921e-05
-0.0444774851327 -0.372782175885 -0.500552238579 0.0109863462401 0.0379785999863 0.00546909608215 0.000222706034887
-0.0910265233319 -0.0611319781748 0.153430486219 0.00408249729842 -0.0105097911863 -0.00157723752565 -6.42263931984e-05
0.055648
3
-0.0317372492212 -0.0311202273653 0.0269388712259 0.00171742491714 -0.00183210893666 -0.000295512792851 -1.24971959758e-05
-0.0667736866132 -0.428372012135 -0.500720985865 0.0139461717538 0.0412319459007 0.00614261060335 0.00025977017026
-0.0939530580991 -0.0440224276797 0.153634708876 0.00371449098812 -0.0114001583714 -0.00177147298265 -7.49153524503e-05
0.055648
3
-0.0333853166715 -0.0281073823294 0.0270044215368 0.00170816416536 -0.00198967751661 -0.000332337853799 -1.45943198399e-05
-0.0921593213167 -0.483941582858 -0.500829038204 0.0175115008513 0.0448503356763 0.00690806650009 0.000303361566625
-0.0959265170816 -0.0268970564799 0.153861364471 0.00321188823355 -0.0123901980145 -0.00199222349543 -8.74867143554e-05
0.055649
3
-0.0348655476915 -0.0250873925677 0.0270719682991 0.00169292947401 -0.00216796768985 -0.000375526558654 -1.71511287949e-05
-0.12063740698 -0.539488360176 -0.500932774697 0.0215795992911 0.0489531449669 0.00780579885823 0.000356508104365
-0.0969463927155 -0.00975156325699 0.154093914944 0.0026232895155 -0.0135115723095 -0.00225112133558 -0.000102813692054
0.055650
3
-0.0361775360491 -0.0220601023421 0.0271430444932 0.00166722176737 -0.00237010229285 -0.00042620440232 -2.0272124663e-05
-0.152206700883 -0.595006912793 -0.501009032229 0.0262827270635 0.0536133179453 0.00885920252599 0.000421381987244
-0.0970115338501 0.00741383651097 0.154334255569 0.00191658945796 -0.0147840660195 -0.00255491336437 -0.000121522729338
0.055652
3
-0.0373208655522 -0.0190252199563 0.0272174544874 0.00162911574381 -0.00260050097091 -0.000486082662845 -2.41141943762e-05
-0.186865683867 -0.650488119027 -0.501051229374 0.0317295731577 0.0589357478208 0.0101038486019 0.000501244310399
-0.0961207937164 0.0245988785638 0.154580880242 0.00107114420777 -0.0162358996016 -0.00291385796283 -0.00014455429636
0.055654
3
-0.0382951035669 -0.0159824931269 0.0272944434121 0.00157855629782 -0.00286519502907 -0.000557649079429 -2.89098777297e-05
-0.224612369849 -0.705921097839 -0.501082431049 0.0380229293202 0.0650651410669 0.0115914479208 0.000600928710296
-0.0942730341795 0.0418029377608 0.154834401154 7.31496236833e-05 -0.0179057915309 -0.00334286806497 -0.000173302369877
0.055638
3
-0.0390998023592 -0.0129317615034 0.0273693754636 0.00153619868424 -0.00317712214521 -0.000647064192169 -3.52164052517e-05
-0.265444223138 -0.761296416814 -0.501417785505 0.045028931533 0.0723234137218 0.013450055172 0.000732017934738
-0.0914671410467 0.0590252831936 0.155121576592 -0.000992742690848 -0.0198783217776 -0.00387887347756 -0.000211107308918
0.055638
3
-0.0397343385629 -0.0098741776215 0.0274573148281 0.00144864521898 -0.00353378081514 -0.000752061432537 -4.29511199429e-05
-0.309344706238 -0.816623230917 -0.501495601143 0.0536086473026 0.0806262178767 0.0156325568355 0.000892793852483
-0.0877032872305 0.0762633950756 0.155416747465 -0.00241363968445 -0.0221342065864 -0.00450828709032 -0.000257473620074
0.055639
3
-0.0401985085286 -0.00680783692923 0.0275499649978 0.00133379474307 -0.00395136330361 -0.000880451606891 -5.28870875566e-05
-0.356322682721 -0.871873826993 -0.501551930956 0.063720251997 0.0903735151201 0.0183013104917 0.00109932562199
-0.0829796381464 0.0935197691524 0.155724329656 -0.0041260187702 -0.0247789136778 -0.00527793135145 -0.000317035502368
0.055641
3
-0.0404918129226 -0.00373249572578 0.0276478430924 0.00118422233487 -0.00444416060073 -0.00103899859924 -6.58081726716e-05
-0.406373904404 -0.927030846309 -0.501583662771 0.0757131916945 0.101909497214 0.0215969121032 0.00136790686907
-0.0772951394577 0.110792893827 0.156045585699 -0.00620025209105 -0.0279043594902 -0.00622835285679 -0.00039449188917
0.056666
3
-0.0406137360531 -0.000647926503871 0.0279627841317 -0.0171895230311 0.00426942126077 -0.000479506668566 1.99948544038e-05
-0.459493224901 -0.982073182268 -0.181417506353 0.288431589351 -0.084437388667 0.00996715816699 -0.000415618570987
-0.0706488029025 0.128080708245 0.114625872989 -0.0939141232515 0.0250223090643 -0.00287443768567 0.000119860612553
0.055662
3
-0.0405637456682 0.00235865234875 0.0248600433102 -0.0218833593093 0.00842463939919 -0.00166214290307 0.000131834990333
-0.515674431354 -0.999916076129 -0.0229492765562 0.327553962974 -0.159969108892 0.0345497618638 -0.00274035855334
-0.0630397279446 0.140184892153 0.0835694948911 -0.114304442928 0.0484941898104 -0.00996383681971 0.000790294461672
0.055674
3
-0.0403591289273 0.00492876194623 0.0216231218626 -0.0176687425636 0.00601202155299 -0.000992521013409 6.33276110502e-05
-0.571347995869 -0.999586636562 -0.0241636138887 0.270191237238 -0.115676656442 0.0206308161559 -0.00131634522949
-0.054997073305 0.148466402985 0.0732453244405 -0.0930485618651 0.0348079408146 -0.00594973957983 0.000379621981672
0.055542
3
-0.0400206968035 0.00717624294196 0.0190271940866 -0.0149820552491 0.00462562232189 -0.00066182813624 3.56152466126e-05
-0.627027954635 -0.999843633041 -0.0152892381388 0.232999303371 -0.0898192412907 0.0137569425948 -0.00074030836152
-0.0465201120676 0.155780580585 0.0636601634883 -0.0794157533066 0.0268895225175 -0.00396737701674 0.000213498192536
0.055540
3
-0.0395659408238 0.00915434080525 0.0170182514809 -0.012379424554 0.00315761544355 -0.000348478512568 1.39820456891e-05
-0.682569276404 -0.999446585265 -0.0220992208954 0.200929442279 -0.0622410908495 0.00724357069516 -0.000290634666872
-0.0376847280698 0.162135466502 0.0580554360102 -0.06673418403 0.0184786647236 -0.00208897985124 8.38163923178e-05
0.055584
3
-0.0390071047854 0.010932312457 0.015262498935 -0.0109437965477 0.00245285284109 -0.000227402139554 7.52085913932e-06
-0.738112774706 -1.00008426247 -0.0125436733532 0.182231760683 -0.0487408995067 0.00472684373551 -0.000156330657126
-0.0285119161558 0.167979256083 0.0511015038562 -0.0596053665129 0.0144062468981 -0.0013631787055 4.50843384583e-05
0.055610
3
-0.038354146585 0.0125292483108 0.013788955301 -0.0096848328907 0.00178033346786 -0.0001286533922 3.25411407451e-06
-0.793709214611 -0.999822920041 -0.00749182996263 0.167465087941 -0.0357223502711 0.00267422497504 -6.76409147156e-05
-0.0190272030539 0.173117458544 0.045658703786 -0.0535698837267 0.0105021168091 -0.000771222139693 1.95070240779e-05
0.055692
3
-0.03761639944 0.0139742281597 0.0126961296984 -0.00836162226486 0.000925843520836 -3.74359948568e-05 5.17316291024e-07
-0.849304237379 -0.999126957024 -0.0152519092095 0.155626410231 -0.0188679917155 0.000778154937849 -1.07530794314e-05
-0.009268026782 0.17770582885 0.0431474321544 -0.0477144128474 0.00550008314932 -0.000224412800637 3.1010902242e-06
0.055592
3
-0.0368002072178 0.0153112036363 0.0117573112539 -0.00746786890275 0.000277880876557 -3.54363093287e-06 1.51708469419e-08
-0.904968002125 -0.999390707327 -0.0183876991453 0.149648569091 -0.00574027144677 7.36588921672e-05 -3.15345418343e-07
0.000754363402453 0.182071563554 0.0405220490104 -0.0440269413181 0.00166102673699 -2.12425539941e-05 9.09427481035e-08
0.055698
3
-0.0359139768282 0.0165493749091 0.0106904825762 -0.00718123530286 5.09560382661e-05 -1.21097111887e-07 9.60436574593e-11
-0.960556981179 -1.00005161728 -0.00401941221412 0.148240246619 -0.00105795987308 2.5171580436e-06 -1.99639001413e-09
0.0109937101476 0.186169894383 0.0351617442492 -0.0429117874276 0.000305297116922 -7.25925466426e-07 5.75740707206e-10
0.055559
3
-0.034960287108 0.0176734509168 0.0102059603818 -0.00639907761305 -0.000799379994013 -3.09383514682e-05 -3.92361559051e-07
-1.01624462276 -0.999120456342 -0.0196596350399 0.149488503586 0.0169295482187 0.000643093126174 8.15573583033e-06
0.0214646515707 0.189687606011 0.0356654668795 -0.0405436612999 -0.00483348658989 -0.000185462203599 -2.35203997291e-06
0.055594
3
-0.0339479637554 0.0187477141466 0.00942406923126 -0.00630879959319 -0.00114151434522 -6.28014997659e-05 -1.12758027579e-06
-1.07178992978 -0.999909023707 -0.0104051480057 0.154659376292 0.0243613522843 0.0013054093349 2.34381953194e-05
0.0321066536314 0.193271922474 0.0319060045449 -0.040936659041 -0.00692686765803 -0.000376468169219 -6.75936217539e-06
0.055690
3
-0.0328776773693 0.0197362692353 0.00889973077697 -0.00615871140267 -0.00174478475743 -0.00014589622926 -3.95702415522e-06
-1.12738391983 -0.999615141171 -0.0119693838283 0.16397711354 0.0377305665481 0.00303263935276 8.22517979649e-05
0.042942864595 0.196435125419 0.0304148994335 -0.0416856087229 -0.0106531670134 -0.000874585583629 -2.37206698061e-05
0.055572
3
-0.0317520502213 0.0206690024186 0.00860966653142 -0.00609115074311 -0.00258506145955 -0.000315081405816 -1.23896667896e-05
-1.18306060683 -0.999396424489 -0.0211745684812 0.179697529382 0.0568649346819 0.00654936920197 0.000257535038871
0.0539692990556 0.19942747196 0.0306955147703 -0.0435505963384 -0.0159113891666 -0.00188877845983 -7.42707609039e-05
0.055632
3
-0.0305779082006 0.0215676965362 0.0081727167133 -0.00638284718765 -0.00331928626131 -0.000498501497713 -2.41790603263e-05
-1.23863333255 -1.00004564463 -0.0192231306072 0.199884059757 0.0738853667695 0.0103619899365 0.000502592631969
0.0651391037508 0.202424608143 0.0290214587571 -0.0471713102467 -0.0205458701892 -0.0029883035739 -0.000144943140027
0.055580
3
-0.0293538806727 0.0224154591753 0.00784071978785 -0.00686468675657 -0.00429234959375 -0.000788899489143 -4.69904623534e-05
-1.29429270904 -1.00027721403 -0.0199844641112 0.227920568727 0.0968369350023 0.0163982828636 0.000976756740458
0.0764819852133 0.20520140345 0.028046963028 -0.0524485019115 -0.0267402109744 -0.00472911550652 -0.000281687752664
0.055622
3
-0.028085037071 0.0232204251118 0.00757638503883 -0.0076326520546 -0.00555730626013 -0.00122963698007 -8.87829417267e-05
-1.3499094126 -1.0003191778 -0.0215656409899 0.266112109952 0.127153785627 0.0255595741869 0.00184546676977
0.0879643797708 0.207814437006 0.0274003157428 -0.0599986294316 -0.0348563727089 -0.00737114853016 -0.000532215817367
0.055593
3
-0.0267713931442 0.0239885287334 0.00757146138636 -0.00877872262924 -0.00748474988256 -0.00203363392689 -0.000182205746512
-1.40556906476 -1.00015956376 -0.0320423312806 0.322324829179 0.174374824294 0.0422716769794 0.00378737901571
0.0995975860363 0.210281344682 0.028773112911 -0.0711623390632 -0.0473592311547 -0.0121907668475 -0.00109224563213
0.056959
3
-0.0254159877045 0.0247437295601 -0.0033912584937 -0.0101339183645 0.00359506616192 -0.000421917590841 1.64744544636e-05
-1.46121256629 -1.00061185378 0.40338090313 0.146002501515 -0.0709418490932 0.00877009567755 -0.000342442564656
0.111363926651 0.212787568649 -0.0644555479384 -0.0521795853144 0.0210490048012 -0.00252921576041 9.87573184385e-05
0.055637
3
-0.0240194360279 0.0242614015588 -0.00665408319269 -0.00904173706646 0.00538033857728 -0.00100737214055 6.20163423723e-05
-1.51687191173 -0.953290057906 0.489846934759 0.0887257725871 -0.102675018295 0.02093951579 -0.00128908883626
0.123265649654 0.204952418286 -0.0864861660982 -0.0410493948724 0.0310383309334 -0.00603876574427 0.000371761485978
0.055644
3
-0.0226917004288 0.0234406627598 -0.00775629845822 -0.00797133904669 0.00475493939087 -0.000853639053202 4.99068250091e-05
-1.56837978958 -0.898028285962 0.490956570288 0.0753035506887 -0.090910615899 0.0177439773387 -0.00103737706081
0.134394160362 0.194968587163 -0.0902035851219 -0.035802934589 0.02745307847 -0.00511720154345 0.000299170101236
0.055649
3
-0.0214127195342 0.0225066781501 -0.00873110820678 -0.00705816086647 0.00422771419027 -0.000728874951157 4.0557310274e-05
-1.61681715132 -0.84275337866 0.49179664388 0.0640075038914 -0.0809753840156 0.015150596224 -0.000843035462963
0.144957728588 0.184616185475 -0.0934725761852 -0.0313475825941 0.0244283014264 -0.00436929403716 0.000243123753481
0.055653
3
-0.0201884639483 0.0214722328266 -0.00959637686864 -0.00627523264252 0.00377764833188 -0.000625960367943 3.31991429704e-05
-1.66218213319 -0.78747800871 0.492357460382 0.0545096075691 -0.0724826488865 0.0130113852477 -0.000690086563309
0.154936767112 0.173938306952 -0.0963497211647 -0.027552495627 0.0218446726594 -0.00375236506455 0.000199014683094
0.055638
3
-0.0190242425618 0.0203483699704 -0.010366225761 -0.00560288820376 0.00338804419548 -0.000539464682782 2.72829638332e-05
-1.70447381715 -0.732218757647 0.492622816744 0.0466019443972 -0.0651250648567 0.0112134620252 -0.000567111228303
0.164313957518 0.162972920992 -0.0988786144676 -0.0243264097606 0.0196073642638 -0.00323386037344 0.000163549715906
0.055643
3
-0.0179251141544 0.0191451239155 -0.011066302239 -0.00501530962074 0.00306031655986 -0.000470024828337 2.27625304371e-05
-1.7436809283 -0.677012784903 0.493088843026 0.039592287303 -0.0589157139317 0.00977006601484 -0.000473148250108
0.173071418691 0.151757456826 -0.101208098729 -0.0214939360341 0.0177226931314 -0.00281759810309 0.000136451648327
0.055647
3
-0.016894916007 0.0178690964374 -0.0116984199357 -0.00450225464095 0.002775783042 -0.000411663929327 1.9119314473e-05
-1.77981914853 -0.621811069386 0.493433904228 0.0335660542263 -0.0535169072424 0.00855696023482 -0.000397419355954
0.181198799518 0.140306801101 -0.103301414143 -0.0190332200635 0.0160853800819 -0.00246774943887 0.000114612124602
0.055651
3
-0.0159375243979 0.0165271942568 -0.0122718386076 -0.00405208848417 0.00252758574233 -0.000362357095355 1.61638282183e-05
-1.81288798986 -0.566619216322 0.493692475983 0.0283560557552 -0.0488006492956 0.00753205475355 -0.000335985801652
0.188683479149 0.12864406929 -0.10519312515 -0.0168844121768 0.0146562442464 -0.00217217602765 9.68952467631e-05
0.055654
3
-0.015056453174 0.0151253960951 -0.0127941904813 -0.00365523742781 0.00231009305959 -0.000320484191291 1.37507051118e-05
-1.84288740809 -0.51144028004 0.493887339078 0.0238270437896 -0.0446617970879 0.00666167299438 -0.00028582595768
0.195514069563 0.116789032725 -0.106910974024 -0.0149985729508 0.0134031062504 -0.00192116585127 8.24296043599e-05
0.055656
3
-0.0142549050034 0.0136689212627 -0.0132716991963 -0.00330397544085 0.0021185430719 -0.000284708890813 1.17656922948e-05
-1.86981753181 -0.456276047632 0.49402959575 0.0198759432322 -0.0410115198942 0.00591803770898 -0.000244564932531
0.201680213623 0.10475883485 -0.10847659224 -0.0133370127808 0.012298766099 -0.00170670820417 7.05303003006e-05
0.055657
3
-0.0135358058428 0.0121623629569 -0.0137069465289 -0.00299735567643 0.00194574997572 -0.000253027282997 1.00651326877e-05
-1.89367873994 -0.401127807189 0.494039278625 0.0166163038188 -0.0377187994368 0.00525949505089 -0.000209216630439
0.207172483704 0.0925685248381 -0.109887742629 -0.0119117162863 0.0113025800792 -0.0015167904962 6.03361717478e-05
0.055650
3
-0.0129018389444 0.0106100508224 -0.0141117459737 -0.00271761527068 0.00179656975609 -0.000226884363397 8.71940845062e-06
-1.91447156604 -0.346005238897 0.494166814544 0.0135144203231 -0.0348666511902 0.00471608109717 -0.000181244034436
0.211982258858 0.0802334105757 -0.111215887365 -0.0105943997183 0.0104412820327 -0.00136007485858 5.22691296914e-05
0.055653
3
-0.0123555450634 0.00901539632153 -0.0144867250923 -0.00246145186984 0.00166617602308 -0.000204939483667 7.63188986461e-06
-1.93219432499 -0.29090285676 0.494307602553 0.0105837951826 -0.0323667785481 0.0042599287607 -0.000158638572475
0.21610108562 0.0677638153785 -0.112449193803 -0.00937615581459 0.0096875339385 -0.00122852467703 4.57499202363e-05
0.055657
3
-0.0118990889654 0.0073812056283 -0.0148366922621 -0.00221238147974 0.00155723538565 -0.00018793043824 6.82874345877e-06
-1.94685142045 -0.235807257609 0.494509851487 0.0073693927929 -0.0302642699474 0.0039063740405 -0.000141944149262
0.219522535542 0.0551670524258 -0.11360962775 -0.00814327149564 0.00905595029388 -0.00112656271409 4.09354005489e-05
0.055667
3
-0.0115346022773 0.00571019417879 -0.0151776454599 -0.00187061923877 0.0015056185327 -0.000185751725319 6.83435385354e-06
-1.95844282903 -0.180714079695 0.495190001411 0.000723579168065 -0.0291901950521 0.00386108671144 -0.000142060768479
0.222239700689 0.0424513394686 -0.114804211902 -0.00615528336701 0.00874637650563 -0.00111350226063 4.09690324694e-05
0.055847
3
-0.0112640726548 0.00400403617177 -0.0157346310148 0.000500845840876 0.00215556528256 -0.000474663082077 2.84401259985e-05
-1.96696833123 -0.125595508776 0.503314884116 -0.0710348328377 -0.0393576035736 0.00986647803926 -0.000591164320954
0.224246113491 0.0296184126854 -0.117685417346 0.011038434417 0.0121994534158 -0.00284540245331 0.000170486408874
0.055662
3
-0.0110894248096 0.00225272308804 -0.0152712351173 -0.00361950061731 0.000433453927154 -1.46177590955e-05 1.58447965038e-07
-1.97242546361 -0.0700693992787 0.480119670636 0.0647044696869 -0.00883866067232 0.000303848781472 -3.29354320242e-06
0.225535212817 0.016585196555 -0.113109710779 -0.0203013528679 0.00257567331178 -8.7627222682e-05 9.498278789e-07
